10
300
0.249093
0.139414
-0.100265
0.117130
-0.079287
-0.267544
-0.285658
0.298251
0.299632
-0.017577
0.289873
0.089668
0.265834
-0.062936
0.136100
0.026048
-0.165362
-0.002484
0.160536
0.070733
-0.295442
0.076390
-0.155400
0.223151
-0.366251
0.023606
0.040923
-0.124403
-0.114552
0.119351
-0.296556
-0.182113
0.010967
0.064590
-0.252961
-0.219335
0.124060
-0.114172
-0.124508
0.041234
0.190655
-0.130237
-0.051009
0.132581
-0.327219
-0.169633
-0.146226
0.164404
-0.382441
-0.329137
-0.072956
-0.105872
0.257991
0.308791
-0.075540
-0.244780
-0.015830
0.217820
0.127926
-0.172000
0.246670
0.252130
0.150147
-0.185229
0.077946
-0.418158
0.239854
-0.212136
0.068534
-0.068138
-0.320531
-0.147195
0.252434
0.260925
-0.181227
-0.348250
-0.098834
0.209889
-0.432596
-0.094558
-0.206373
-0.126621
-0.493025
-0.260248
-0.144945
-0.010935
-0.078324
-0.248729
0.114187
-0.194812
-0.043568
-0.077184
-0.114721
-0.200933
-0.345356
-0.313063
-0.027663
0.333992
0.002487
-0.174576
0.102284
0.288807
0.257441
0.031041
0.162743
-0.149635
0.156687
-0.291829
-0.162803
0.238609
0.201603
0.023361
0.024366
0.176335
0.343032
-0.383524
0.142435
0.030120
-0.031150
-0.188107
0.290488
-0.296924
0.193151
-0.271200
0.082408
-0.397669
0.028078
-0.226366
-0.186449
-0.356006
0.208922
0.320365
0.336989
0.137196
0.054300
0.252591
-0.276745
0.067187
-0.355495
0.035449
0.105629
-0.409924
-0.251241
-0.086140
0.279043
-0.299603
-0.052011
0.192967
0.119594
-0.220707
-0.304060
0.314081
-0.179067
-0.361489
-0.251643
-0.351989
-0.365121
0.281887
0.007519
-0.060094
0.306419
-0.112216
-0.052795
-0.302635
-0.108759
-0.355528
0.259215
0.134095
0.070851
-0.406524
-0.042256
-0.007253
-0.186491
0.188978
0.279133
-0.143428
-0.362713
0.110707
-0.314753
-0.297653
0.264042
-0.283856
-0.292510
-0.078116
-0.082036
0.016208
0.005896
0.189579
-0.144948
-0.093748
-0.245887
-0.047739
0.282644
0.016784
0.017201
-0.100621
0.169109
-0.059975
-0.202246
0.086456
0.089215
0.153401
-0.218587
0.310304
0.023369
-0.095383
-0.196018
0.193606
-0.304056
0.020002
-0.281925
-0.245091
0.167751
-0.252391
0.216131
0.003402
0.177150
-0.072414
-0.188630
-0.297341
0.263994
-0.042968
0.149319
0.196018
-0.190461
-0.176190
-0.113349
-0.259516
0.232157
0.144584
-0.299958
0.187398
-0.066153
-0.176555
0.194389
-0.159916
0.124222
-0.184884
-0.270896
0.159932
0.305093
-0.090497
-0.213655
0.311549
-0.103410
0.278153
-0.033904
-0.083846
0.037566
0.220405
0.024272
0.009727
0.012317
0.011631
-0.104385
0.275509
-0.351430
-0.313565
-0.265560
-0.302323
0.346745
-0.304727
0.244452
0.003310
0.085518
0.240728
0.333884
-0.020746
-0.177597
-0.255659
0.049743
-0.062689
-0.042223
0.274460
-0.185178
-0.265283
-0.237679
0.277564
0.042798
-0.428570
-0.354788
0.032338
0.030574
0.129676
-0.086823
-0.241829
0.036941
0.056152
-0.136655
-0.348339
0.054632
-0.205524
-0.133005
0.191997
-0.333721
-0.058714
0.232011
-0.293357
0.226800
-0.192079
-0.142179
0.175091
0.173268
-0.401476
0.223103
-0.348596
-0.204350
-0.285603
-0.136028
-0.386449
-0.283316
-0.092345
0.056800
0.207015
-0.117477
0.277684
-0.255749
0.246157
-0.071660
0.163444
-0.296731
-0.111238
-0.347302
0.173141
-0.186118
-0.068972
-0.353756
-0.121968
-0.016914
0.259787
0.179894
0.246802
0.337644
0.077110
0.313773
0.193572
-0.329923
-0.090364
-0.267766
0.056526
-0.072193
-0.209903
-0.217098
-0.236475
-0.166106
-0.128242
-0.242833
-0.018145
0.077230
0.168987
-0.238550
0.172699
-0.127449
-0.061212
-0.142477
-0.052146
0.194538
0.111169
-0.418389
-0.091098
-0.447047
0.175381
-0.089338
0.299509
0.070658
0.094904
0.180273
0.096090
-0.186716
-0.337116
-0.086777
0.269528
0.008246
-0.030336
-0.262333
0.099607
-0.204072
0.031735
-0.119577
0.205770
-0.053320
0.128843
0.143364
0.137905
-0.182513
0.014912
-0.085397
-0.229918
-0.199172
0.014277
0.198287
-0.070952
-0.183002
0.016723
-0.091844
-0.400752
-0.144944
-0.034214
-0.310308
0.212269
-0.055318
-0.095082
0.117889
-0.300205
-0.153747
-0.387090
0.231617
0.010258
0.138580
-0.081754
-0.023247
-0.210038
-0.328947
-0.079899
-0.230973
0.032269
-0.264750
0.116530
-0.410170
0.049712
-0.214079
0.224978
-0.229741
0.291290
0.107307
0.133372
-0.275442
-0.373938
-0.257368
-0.185622
-0.297823
-0.381211
-0.401910
0.182451
-0.247939
-0.184062
0.268178
-0.155921
0.179394
0.129039
0.105979
0.142899
-0.308541
-0.285672
-0.223747
-0.183880
0.168366
-0.094714
0.213554
-0.374279
-0.221540
-0.123319
-0.243162
0.032001
-0.077894
0.113079
-0.151577
-0.044758
-0.339080
0.251563
-0.204954
-0.249544
-0.446975
-0.294934
0.197090
-0.289950
0.045816
-0.381689
0.057994
0.061870
0.264832
-0.240588
-0.104277
-0.375713
-0.008195
0.197362
-0.038754
0.028857
-0.034599
0.058478
0.201940
0.221084
-0.325747
0.286704
-0.030768
-0.050178
-0.361298
-0.350072
-0.002725
-0.342026
-0.313174
0.060895
-0.173734
-0.147314
-0.335580
-0.201392
0.099349
0.055649
-0.164705
-0.251136
-0.001649
-0.013122
0.132750
-0.293196
0.302535
-0.212386
-0.317938
-0.196073
-0.308800
0.096229
-0.368601
-0.256678
0.047927
-0.159669
-0.365210
-0.172638
-0.074232
-0.273164
-0.049017
0.176404
-0.046085
0.120157
0.027874
0.168324
-0.223112
0.175302
-0.226223
0.092957
0.090244
0.200198
-0.423976
-0.103333
0.000043
-0.332579
-0.138105
-0.133021
-0.054006
-0.138317
0.162176
0.149497
-0.177792
-0.384700
0.238344
0.118474
0.046035
-0.226829
-0.170451
0.259425
-0.033647
0.217667
0.244048
0.351230
0.175636
0.276815
0.115820
0.169698
-0.047734
-0.292074
0.278923
-0.057730
-0.343628
-0.168443
0.246127
0.081479
-0.149923
-0.246798
-0.193807
0.271755
0.260464
-0.245330
0.250112
-0.239592
-0.016145
0.297042
-0.161693
-0.193477
-0.292590
0.112358
-0.260459
0.157481
0.022056
-0.158739
0.102464
-0.140572
-0.359343
0.150149
-0.002034
-0.275487
-0.300146
-0.089462
0.078883
-0.185188
0.142298
-0.074900
-0.339923
-0.242831
0.303649
-0.257041
-0.234272
0.190780
0.039444
0.315528
-0.311969
-0.152384
-0.340547
-0.090507
-0.003827
-0.087575
-0.398649
0.202614
-0.223549
0.108912
-0.246169
-0.165931
-0.110443
0.179204
-0.386029
-0.312377
0.267405
-0.192514
0.275790
-0.074126
-0.062886
0.160222
-0.306344
0.149071
-0.373264
-0.237863
-0.357217
-0.204326
-0.318016
0.218904
-0.044278
-0.166689
-0.286872
0.039776
0.120982
0.085413
-0.173951
-0.321067
0.066003
0.032132
0.353625
-0.346398
0.224382
-0.214404
0.079746
-0.289489
-0.077165
0.148844
-0.082077
0.010340
-0.268466
-0.287960
-0.129248
0.174709
-0.436343
-0.053067
0.234832
-0.142907
0.044699
-0.373840
-0.131524
-0.179387
-0.075649
0.065299
-0.250650
-0.076162
-0.017991
-0.177938
-0.004156
-0.204055
0.293370
-0.043184
-0.053650
0.378028
0.139348
-0.187958
-0.287611
-0.068590
-0.318532
0.258584
0.227568
-0.114843
-0.343151
-0.110483
-0.257343
-0.123824
0.147058
-0.131951
0.005579
0.049934
-0.083312
-0.355956
0.360249
-0.350026
0.194239
-0.481772
-0.058700
-0.074392
-0.109552
-0.322502
0.202801
-0.104808
0.059181
-0.243790
-0.091694
0.013852
0.040607
0.229044
-0.283313
0.214285
0.037267
-0.173385
-0.051725
0.211056
0.110491
0.172752
-0.186359
0.068176
-0.251551
-0.414199
-0.220295
0.147781
-0.172046
-0.208725
-0.400129
-0.138955
-0.124133
0.194449
0.216722
0.324069
0.416502
0.112032
-0.107307
0.193441
-0.349521
-0.397413
-0.099934
0.281333
0.251650
0.205490
0.103759
0.064960
-0.429367
-0.188646
0.095707
-0.348837
-0.253550
0.352225
0.183838
0.198394
-0.263222
-0.382249
0.004441
0.173669
0.140826
0.202796
-0.388483
-0.150383
0.068788
0.227118
-0.154332
0.181551
0.052268
0.354117
0.077381
0.201675
-0.222694
-0.347362
0.216224
-0.304366
0.322786
0.018630
0.364068
-0.205645
0.322911
0.161918
-0.196126
-0.117738
0.314412
-0.259442
-0.385222
-0.283571
-0.023121
0.179595
0.308276
-0.054733
0.167586
-0.312701
0.205777
-0.039007
-0.410196
-0.239466
0.030408
0.227627
-0.171415
-0.184049
0.249811
0.063053
0.039330
0.129862
0.219156
-0.015984
-0.115464
-0.377113
0.229327
-0.059549
0.207287
0.001702
-0.298422
0.125714
0.225656
-0.146070
-0.271477
0.062684
-0.188139
-0.206152
-0.288666
-0.326114
-0.135331
0.238027
0.257486
-0.046824
-0.275115
-0.054664
-0.133389
0.109167
0.183849
-0.092471
-0.103879
0.004417
-0.280499
-0.034486
-0.167382
0.086584
0.112541
-0.182191
-0.044441
0.069300
0.230599
0.130381
0.077628
0.211399
-0.369688
0.129788
-0.030093
-0.084584
-0.360254
0.080945
0.198948
0.084251
-0.068111
0.114434
-0.253103
0.194494
-0.232942
0.114802
0.073226
-0.211546
-0.106866
-0.232121
0.145583
0.051622
0.116179
-0.393758
-0.144716
0.006507
-0.151837
-0.375324
-0.278580
-0.162527
0.091315
0.117164
-0.205733
0.262829
0.158161
0.362335
0.053790
0.343725
-0.035350
-0.046266
0.070847
-0.285891
-0.298751
-0.364620
-0.368640
-0.171644
-0.339539
0.229546
-0.023783
-0.103820
-0.283698
0.001207
-0.341688
-0.323380
0.073318
0.147363
0.052110
0.278201
0.101004
0.128519
0.100015
-0.050237
0.146127
-0.478797
-0.063793
-0.101408
0.193235
-0.234267
-0.071371
0.170800
0.171823
-0.166260
0.293235
0.187072
-0.223216
-0.214402
-0.158712
-0.109217
-0.355454
-0.297485
-0.384712
-0.031970
0.097364
-0.286223
0.051641
0.006802
0.157186
-0.076354
0.207835
0.011203
-0.132257
-0.120037
-0.227233
-0.352392
-0.012892
0.302141
0.179844
-0.015812
-0.224609
-0.113137
-0.182935
-0.256142
0.128168
-0.184517
-0.297244
-0.085319
-0.006529
0.261558
0.260436
0.395690
-0.276193
0.290872
-0.119033
-0.399833
-0.083185
-0.207264
0.127245
-0.417431
0.142261
0.014326
0.249027
-0.420810
-0.324458
-0.272728
-0.118240
0.006495
-0.217749
-0.371985
-0.248012
0.005085
0.013608
0.122011
0.170351
0.067087
-0.268755
-0.312905
-0.264443
0.124877
-0.360321
-0.361462
0.291224
-0.047815
-0.321604
-0.113501
0.126446
0.010031
0.136719
0.163118
0.247686
0.044462
-0.032260
0.197236
-0.018898
0.039923
-0.368565
-0.426805
-0.112859
-0.126249
-0.080343
0.183729
-0.308367
-0.193344
0.037788
-0.450686
0.312858
0.219912
-0.131926
-0.366670
0.185186
0.004024
-0.070645
0.213710
-0.287101
0.314453
-0.095169
-0.256170
0.058296
-0.112167
-0.222535
-0.064996
-0.404575
0.162981
-0.145384
-0.024913
0.032807
-0.046087
0.142882
-0.277087
0.278236
-0.252346
-0.504388
-0.162998
-0.001809
0.189731
-0.129257
0.122976
0.299280
0.072047
-0.284172
-0.456932
-0.352216
0.181757
-0.445808
-0.092814
0.130329
-0.123687
0.253428
-0.203157
0.250395
-0.411473
-0.330437
0.395039
-0.319867
0.100267
0.271568
0.222267
-0.249288
0.216886
-0.291351
-0.115004
-0.117167
-0.271721
0.171755
-0.267152
-0.098444
-0.179368
-0.401892
0.004848
-0.227677
-0.165767
0.034831
0.090899
-0.091549
0.173193
-0.285731
-0.108850
-0.090081
-0.182642
0.260949
-0.069709
-0.111438
-0.319355
-0.111346
0.029101
0.225546
-0.040298
-0.010315
-0.197881
-0.118207
0.136919
-0.320750
-0.363094
-0.268154
-0.305965
-0.145936
0.232651
-0.163858
0.060103
-0.022083
0.086706
-0.405643
-0.190171
-0.023111
-0.220121
-0.410131
0.147845
0.201966
0.041949
-0.180018
0.167050
-0.261165
-0.361164
-0.251535
0.234440
0.168126
-0.135372
-0.028495
-0.062105
0.225247
-0.265551
-0.003970
-0.244191
-0.357657
0.205628
-0.169698
-0.110250
0.259219
0.185101
-0.227476
-0.072634
0.146209
-0.137300
0.173252
-0.046373
-0.305272
-0.343611
0.102524
-0.432798
0.152008
-0.433758
-0.282157
0.224728
-0.158419
-0.173814
0.194988
-0.076218
-0.336182
-0.139165
0.256770
0.265999
-0.018782
0.007529
-0.362026
0.232057
-0.150741
0.035937
0.000881
-0.034398
0.196575
-0.384076
-0.232732
-0.064367
-0.136222
-0.507227
-0.258000
0.135067
-0.259565
0.185604
0.287813
-0.381991
-0.231120
-0.287696
-0.261969
-0.007660
-0.023775
-0.212661
-0.282478
0.104279
0.040372
-0.327074
0.252594
-0.083681
0.135468
-0.305386
-0.242754
-0.001766
0.183974
-0.321179
-0.327984
-0.012439
-0.401443
-0.375918
-0.197558
0.108479
-0.057806
-0.079714
-0.015507
0.133564
0.071727
0.036252
-0.414402
-0.374786
0.322924
-0.104222
0.252588
0.043403
0.086976
-0.370266
-0.078248
0.010016
-0.081757
0.032548
0.226953
-0.151787
0.150782
-0.142814
0.216361
-0.022749
0.011900
0.303746
-0.158997
0.001439
-0.076935
0.218094
-0.051455
0.280068
-0.135634
-0.278683
0.242001
-0.275756
0.099037
-0.397256
0.030766
-0.100344
0.102402
-0.024288
-0.202447
-0.126680
0.017567
0.255758
0.314682
-0.351071
-0.157730
-0.408872
0.040711
-0.345420
-0.089447
0.076936
0.175353
0.308495
0.120385
-0.254181
0.005869
-0.316507
-0.370368
-0.383125
-0.243117
0.026029
-0.332733
-0.380363
0.320385
0.338501
-0.080742
-0.077225
-0.048096
-0.396043
-0.333371
0.348646
-0.034466
0.102345
0.217939
0.066070
0.227862
-0.156248
0.081979
0.051419
0.095944
-0.135800
-0.121895
-0.112238
-0.308022
-0.283161
0.290910
0.259087
-0.099970
-0.389211
-0.270195
0.096781
0.109022
-0.138189
-0.409706
0.213076
-0.090024
-0.131363
0.005546
-0.203717
-0.115021
-0.020391
-0.296900
-0.434757
-0.052022
-0.135488
0.046437
-0.179048
0.057996
0.076211
-0.175566
-0.063348
-0.309914
0.040466
-0.347144
-0.116610
0.196387
-0.371512
-0.060909
-0.098898
-0.321897
0.306069
-0.359664
0.172706
-0.062161
-0.273331
0.198147
0.274498
0.011498
-0.297552
-0.326084
-0.159790
0.209880
0.006044
-0.233452
-0.166378
0.290598
-0.186598
0.267815
0.164871
-0.318689
-0.125617
-0.176080
-0.273299
0.304246
-0.172542
0.330550
0.322086
0.006711
0.096007
-0.202688
0.011713
-0.045653
-0.073605
0.126820
-0.220262
0.045308
-0.163787
-0.312425
-0.095761
0.352326
-0.173922
0.136993
0.039240
-0.379761
-0.340688
-0.375282
0.289053
0.113107
-0.248200
0.098525
0.339912
0.000381
-0.318709
-0.219573
0.093636
-0.166406
-0.085572
-0.045085
-0.513061
-0.259884
0.211155
0.216287
0.198576
-0.155231
0.174309
-0.365020
-0.299214
-0.313508
-0.266057
0.137936
-0.332398
0.049789
0.160217
0.160003
0.151186
-0.378547
-0.360487
0.060394
0.163586
0.008589
-0.109183
0.050131
-0.465636
-0.026002
-0.325222
0.128319
-0.330132
-0.072438
-0.110843
-0.151624
0.097045
-0.152414
-0.037311
0.031803
-0.353670
-0.104096
0.170706
-0.016370
0.088932
-0.299654
-0.265628
0.129983
0.259212
-0.370027
-0.063981
0.138571
-0.291030
0.238897
0.022175
0.221932
-0.103970
-0.387925
0.144933
0.038264
0.214729
0.247190
-0.024728
-0.271244
0.001304
-0.344616
0.040371
-0.056955
0.054886
-0.271975
-0.364663
0.273084
-0.041924
-0.270904
-0.077278
-0.301786
-0.176331
0.108427
0.216432
-0.076886
0.328543
0.093268
-0.396758
-0.333114
0.070551
0.229188
-0.260550
-0.352640
0.297246
0.221563
0.084143
0.286392
0.326368
0.022557
-0.294255
0.273888
0.209339
0.100717
-0.067939
0.114646
-0.282971
0.163956
0.046291
0.147249
0.302171
-0.396249
-0.364288
-0.079885
-0.339078
-0.343427
-0.384875
-0.376800
0.118726
-0.053278
-0.182169
0.006955
-0.151734
-0.019298
0.088626
0.004428
-0.004479
0.201919
-0.056292
0.177158
-0.166473
-0.057038
0.080148
-0.305600
-0.049045
-0.420943
0.335104
0.012486
-0.336706
-0.008751
-0.119222
0.335336
0.135114
-0.147464
0.148073
0.265414
0.093241
0.262372
-0.301921
0.073351
-0.081860
-0.153148
0.491711
0.201944
-0.268871
0.400994
-0.185206
0.274280
0.044528
0.070021
0.080168
0.324724
-0.106366
-0.046925
-0.156543
0.224307
-0.026961
-0.231267
-0.049601
-0.041270
0.278040
0.310213
0.171814
0.132503
-0.114135
0.090606
0.233454
-0.260154
0.004208
0.321094
0.029483
0.356465
-0.217027
0.204782
0.139517
-0.210588
0.039191
-0.426655
-0.321764
-0.181089
0.326428
0.215030
-0.266379
-0.210811
-0.221861
0.134961
-0.270898
0.184723
0.225326
0.074128
-0.087463
0.314737
0.172924
-0.230324
0.172291
-0.288943
0.258813
-0.041149
-0.152755
0.010793
-0.208074
0.246082
-0.087455
0.009580
0.384260
-0.159341
0.488433
0.082930
0.006984
-0.169607
0.196519
-0.135081
-0.161384
-0.382661
0.290938
0.033534
0.332072
0.425764
-0.057655
0.224243
0.341562
0.328547
0.568068
-0.056742
-0.186576
0.066803
0.163954
-0.285317
-0.107801
-0.231860
0.084297
0.111733
-0.231470
-0.198622
-0.014387
-0.243922
0.124219
-0.094048
0.025512
-0.308122
0.297206
-0.056238
0.180619
-0.372599
0.312706
-0.026042
0.270518
0.127044
0.068774
-0.138830
0.107382
0.015428
-0.237998
0.114609
-0.402460
0.042334
-0.042073
0.375963
0.099712
-0.360744
-0.205941
0.004851
0.123939
0.014888
0.031333
-0.146487
0.225879
0.006622
0.225894
-0.087650
0.062703
0.250606
-0.417787
-0.000024
-0.386461
0.293272
-0.285538
0.423569
0.197884
0.278340
-0.248842
0.121072
-0.086193
-0.070439
-0.089529
0.052690
-0.178217
-0.272719
0.050850
0.320114
-0.313337
0.330288
0.187693
-0.330825
-0.007540
-0.002576
-0.097629
-0.208258
0.351753
-0.313951
0.432256
0.076309
-0.294454
-0.177232
-0.207226
-0.204043
-0.301848
-0.139340
-0.320243
0.414668
-0.080125
-0.011466
-0.065184
0.111266
-0.310571
-0.344109
-0.147157
-0.082879
-0.222331
-0.308919
-0.030566
0.031835
-0.288418
-0.124829
-0.137612
0.191497
0.216622
0.224872
-0.237621
0.122858
-0.457270
-0.071796
0.124127
-0.281363
0.012362
0.426732
0.012831
0.182510
-0.034509
0.225082
0.119449
0.147602
-0.241616
-0.103386
0.097440
-0.157688
-0.054106
0.412634
0.226356
0.185970
-0.252154
-0.009602
-0.140709
-0.030583
0.142624
0.504448
-0.077704
0.013868
0.095201
-0.059353
-0.123348
0.215011
-0.471807
-0.431121
-0.313681
0.155689
-0.392121
0.173995
-0.012519
0.037365
0.232213
-0.121861
-0.258511
0.310629
0.394016
0.311300
0.084924
-0.013862
0.190185
-0.023355
-0.076794
-0.256897
-0.331082
0.434452
0.113609
0.334387
0.430123
-0.414380
0.140057
-0.049725
0.156584
0.522426
0.066029
0.232979
-0.202354
0.253454
0.042332
-0.041012
0.196909
-0.254391
-0.446598
-0.124235
0.123120
-0.072664
-0.101248
0.030858
-0.191123
-0.410751
-0.057163
-0.140454
0.036774
0.388033
0.134059
0.388353
0.381807
0.022617
0.219742
0.311241
0.086769
-0.048636
0.068323
-0.029320
0.044070
-0.309788
-0.054756
-0.336610
0.212428
-0.184988
-0.007975
0.094783
0.032065
0.054531
-0.239470
-0.184489
-0.234187
0.141186
-0.353262
-0.061580
0.288629
-0.046077
0.365325
0.164047
-0.056271
0.030550
0.234042
0.008852
-0.155168
0.009864
-0.122685
-0.350516
-0.277755
0.180898
0.117614
-0.385852
0.276610
-0.084103
-0.222354
-0.290960
0.103688
-0.354018
0.217498
-0.289897
0.170828
-0.230865
0.125264
-0.396251
-0.276564
0.208804
0.096752
-0.273248
-0.055474
0.255095
-0.339726
-0.349560
0.012217
0.307794
0.032045
-0.324225
0.247522
-0.339020
-0.108519
-0.289237
-0.325420
-0.366287
-0.253571
-0.415842
0.140879
0.158891
-0.157562
-0.133919
0.262409
-0.244233
-0.028408
0.218865
0.005820
-0.269670
-0.396762
0.085479
-0.263626
-0.415739
0.341035
0.260470
0.222156
-0.181476
-0.321766
0.154795
-0.186075
0.275103
0.208009
0.250995
-0.331347
-0.244254
-0.074812
-0.238743
-0.005220
0.049810
-0.207846
-0.328257
0.058318
0.138493
-0.061969
-0.037058
-0.326516
-0.288816
-0.163129
0.107914
0.013229
0.071600
-0.139939
-0.326096
0.041768
0.000354
0.275226
-0.055598
0.193288
-0.300553
-0.197055
-0.206633
-0.359304
-0.163045
-0.065156
-0.277684
0.201649
0.277749
-0.021579
-0.144129
0.126810
0.265762
0.128607
-0.092755
0.060883
-0.110769
-0.206243
0.204462
0.241454
0.159619
0.010498
-0.033659
-0.097898
-0.334644
0.188342
-0.301945
0.086951
0.132705
0.312625
0.123363
0.229114
-0.187663
0.300312
-0.201099
0.164117
0.061723
-0.168907
0.006045
0.022898
-0.286074
-0.236242
0.004651
-0.286648
-0.331309
-0.406775
-0.380641
0.095074
-0.057463
0.293995
-0.008142
-0.286873
-0.034203
-0.248863
0.289832
0.045843
-0.356621
-0.307252
0.049839
0.243739
-0.192724
-0.222393
-0.336012
0.228131
0.038811
-0.213363
0.114769
-0.154553
0.294753
-0.058895
-0.396451
-0.097998
0.144087
-0.034691
0.035753
0.233673
0.138200
0.226295
0.193816
-0.253894
0.229931
0.069678
0.082183
-0.154065
0.286535
0.098252
-0.287738
-0.307509
0.233903
0.145312
-0.193912
-0.136334
-0.152852
-0.211723
-0.247834
0.235382
0.159340
0.289613
-0.248322
0.279470
-0.044969
-0.205446
-0.099744
-0.113688
0.206135
-0.173785
-0.154914
0.282058
-0.258459
-0.108139
-0.395718
0.311007
0.299466
0.266983
-0.012335
0.169069
0.058458
0.303709
-0.319035
0.100707
0.150618
0.019055
-0.373559
-0.229733
-0.324955
-0.193191
-0.268184
0.252685
-0.086159
0.061184
-0.294468
0.287124
0.358845
0.024164
-0.043046
-0.324720
0.251203
-0.282702
-0.345044
-0.152510
-0.027983
-0.284735
0.047244
-0.099424
-0.351537
-0.239444
-0.010885
0.226443
-0.293261
0.149541
0.051414
-0.218264
-0.022597
0.097015
-0.104716
0.013943
-0.335407
0.147140
-0.037857
-0.006403
-0.045634
0.136383
0.088925
0.045510
-0.012415
-0.255764
0.091848
-0.071141
-0.165372
0.123293
-0.399767
-0.354237
-0.384555
0.019713
-0.041078
-0.154850
0.101166
-0.348333
-0.161495
0.299688
0.305654
0.216378
-0.345806
-0.196471
0.024941
0.063906
0.287121
0.177596
0.063074
0.133260
0.016201
-0.398658
0.063053
-0.297936
0.125025
-0.182722
0.106700
0.011477
0.390061
-0.227360
0.016398
0.233644
-0.173712
0.203497
0.000756
0.142570
-0.299330
-0.096610
-0.429080
0.087963
0.114864
0.302685
0.158146
0.330143
-0.199301
-0.191341
0.210737
0.038590
-0.208925
0.014678
-0.065464
0.205515
0.220533
-0.334672
-0.138923
-0.060006
-0.266505
0.324702
-0.187447
-0.254160
-0.245113
-0.310518
-0.276278
-0.071920
0.314119
0.209455
-0.141501
-0.320903
-0.204620
-0.124397
0.345426
0.331051
-0.126533
0.228661
0.305320
-0.416216
-0.173533
0.049030
0.004303
0.035672
-0.047349
-0.450292
0.152261
-0.218079
-0.365832
-0.296926
0.302597
-0.069121
-0.328823
-0.214965
-0.009881
-0.177074
-0.117569
0.012469
0.238170
-0.093850
0.038608
-0.072900
0.047560
0.322868
-0.333822
0.100372
-0.404602
0.028271
-0.199990
-0.391117
0.049668
0.148956
0.258735
-0.065950
-0.163395
-0.134541
-0.216534
-0.140511
0.096103
0.124406
0.099276
0.125517
-0.345585
0.186443
-0.321769
0.140059
-0.026875
-0.062622
0.141534
0.048879
0.291765
-0.148322
-0.274499
0.070728
-0.044423
-0.261102
0.015347
0.055838
0.279827
-0.298353
0.101407
-0.090989
0.243159
0.145578
0.197652
0.035972
-0.148629
-0.175243
-0.421572
-0.365726
-0.339670
0.038274
0.243771
-0.233560
0.031525
-0.256712
-0.154218
-0.275728
0.095303
0.370701
0.136438
0.256605
0.036836
-0.319362
0.172179
-0.367061
-0.020960
-0.170710
-0.024118
-0.211695
-0.210867
-0.133951
0.269541
-0.306464
-0.058839
0.200222
0.199826
-0.062572
-0.092775
-0.329816
0.289102
0.085493
0.111980
0.280026
-0.387846
-0.020911
-0.332604
0.046679
0.201706
-0.312620
0.021131
0.113521
0.278379
-0.359299
0.278521
0.218686
-0.195381
0.064435
-0.262851
-0.438474
0.315085
0.034675
-0.044831
0.294466
-0.438628
0.361761
0.362463
-0.461558
0.114994
-0.141925
-0.295197
0.083198
-0.289378
0.298318
0.144120
-0.043664
0.037589
-0.436580
0.306911
-0.013811
-0.453473
0.007300
0.006177
-0.322585
0.168946
0.201581
-0.139440
-0.317814
-0.131389
-0.014931
-0.191675
-0.124228
-0.278848
0.255823
0.011626
-0.250403
0.151965
0.135814
0.026920
0.246546
-0.341869
0.075275
0.043898
-0.083373
0.025487
-0.071605
-0.298883
-0.104930
0.162614
-0.372740
-0.224811
0.144072
0.052454
0.156906
-0.251168
0.107940
-0.130643
-0.086590
0.170480
-0.366150
-0.355732
-0.371698
0.060974
-0.052126
0.285085
-0.332327
-0.341454
-0.308418
0.172623
0.037111
0.162790
-0.223237
-0.317959
0.003565
0.274352
0.270013
-0.275513
-0.351324
-0.150831
0.168740
-0.149738
-0.005872
-0.054517
-0.357245
-0.057894
0.298303
0.309058
-0.264764
0.064317
0.070902
-0.108151
0.261073
0.267315
0.294282
-0.067710
0.258868
-0.176908
0.113204
0.232786
-0.079949
-0.257119
0.297974
0.025905
-0.071777
0.093410
0.118452
-0.136111
0.186393
0.227081
0.291510
0.128714
-0.276715
0.186799
-0.024112
-0.108413
-0.280983
0.053440
-0.124875
-0.033074
-0.350366
-0.264915
0.211200
-0.263548
-0.385618
-0.455548
0.142774
-0.386073
-0.137012
-0.084976
-0.217826
-0.047723
0.037691
-0.285628
-0.066057
-0.144166
0.215423
-0.305027
0.091667
-0.521865
-0.176223
0.265167
0.036962
0.135880
0.077238
-0.293611
-0.117780
-0.491193
0.141826
0.196135
0.049952
-0.297569
-0.257047
0.054679
-0.099935
-0.288507
0.086721
-0.226158
-0.176098
-0.228587
0.162668
0.155180
0.217965
0.111192
-0.340144
-0.121365
-0.240215
-0.282981
0.187439
-0.285001
-0.260899
-0.146878
-0.134447
-0.368729
-0.163054
-0.271882
-0.218928
0.190541
-0.319436
-0.136515
0.259021
-0.360095
0.065489
-0.360892
0.246627
-0.345174
0.140660
0.153505
0.017480
0.230557
-0.392477
0.040364
-0.418314
-0.288236
-0.005476
-0.171201
0.295963
-0.385011
0.073155
0.155899
-0.062948
-0.350748
0.037246
0.105647
-0.246873
-0.404254
-0.386014
0.313986
-0.295185
0.047849
-0.157064
-0.378059
0.152610
-0.292120
-0.291582
0.084809
-0.071538
0.168019
0.207420
-0.206759
-0.542716
-0.447567
-0.385556
-0.266001
-0.180838
0.266966
-0.087651
-0.214340
-0.186279
-0.189284
-0.129136
0.046667
0.154428
-0.260226
0.098963
-0.269981
-0.405146
-0.353070
-0.309564
-0.231481
0.003906
0.098804
-0.008587
-0.084332
-0.466380
0.134901
-0.131773
-0.016389
0.217031
-0.023121
-0.366966
-0.340481
-0.027559
-0.059813
-0.174288
0.261404
-0.110564
-0.464110
-0.337579
0.292251
-0.121384
-0.008272
-0.044534
-0.221025
0.213218
-0.037547
-0.044805
-0.386179
-0.014499
0.216852
0.120756
-0.294198
0.241767
-0.202006
0.280764
-0.423812
-0.138121
-0.044942
0.228618
-0.333690
-0.280122
-0.439561
-0.038435
0.165810
-0.009499
0.222164
0.154371
-0.204793
-0.531188
-0.174887
-0.188006
-0.055320
0.232774
0.253068
0.326119
0.123281
-0.063928
0.168813
-0.220587
-0.368310
0.370322
-0.384603
0.014022
-0.311561
0.055161
-0.052506
-0.269701
-0.359228
-0.090599
-0.427908
0.057419
-0.067885
-0.055892
-0.290252
-0.166630
-0.336581
-0.235924
-0.137069
0.065001
-0.096681
0.009030
0.221925
-0.268358
0.206235
0.191444
-0.263680
-0.465193
-0.200661
-0.279505
-0.207021
0.161166
-0.236734
0.038851
-0.127319
-0.134758
-0.105882
0.220900
0.185229
0.118831
-0.129786
-0.199363
0.039666
-0.365849
-0.329044
0.210907
0.005451
-0.018544
-0.269890
-0.334240
-0.282246
0.252893
0.139032
-0.323610
-0.251927
0.083130
-0.449879
-0.071508
0.152352
-0.009393
0.134612
-0.103543
-0.105351
-0.192656
-0.320842
0.238565
0.191588
-0.432121
-0.324553
-0.348987
0.128442
-0.116153
0.080748
-0.005348
0.033731
0.102161
0.094634
-0.083291
-0.116217
-0.251230
-0.012183
-0.079997
-0.275708
0.084462
0.260574
-0.115623
0.015226
-0.414474
-0.281190
-0.075369
0.096415
-0.341441
-0.460184
-0.148334
-0.048690
0.010900
-0.190392
0.102296
0.020536
-0.170450
0.152074
-0.087852
-0.350385
-0.030400
-0.200173
0.173863
-0.157396
-0.304029
0.036652
0.207001
0.023758
-0.322885
-0.004643
0.134658
-0.356879
-0.046234
0.013322
0.045050
0.129997
0.315480
-0.162538
0.129326
-0.344234
-0.083853
-0.255031
0.092810
-0.457917
-0.051411
0.111421
0.078762
-0.318177
-0.091932
-0.176081
-0.299971
-0.379652
0.118934
-0.023627
0.250881
-0.272981
-0.327011
0.205119
0.266917
-0.089714
0.329033
0.208728
0.139565
-0.022469
0.102722
-0.095577
-0.036520
0.081227
0.218370
-0.234413
0.213324
0.099484
0.082866
0.169647
0.337073
-0.169552
-0.146947
0.046796
0.156433
-0.314359
-0.227153
-0.271085
-0.148621
-0.297124
0.124397
-0.167717
-0.128098
-0.407087
-0.130075
-0.165732
-0.053018
-0.238081
-0.229825
-0.039623
-0.399399
-0.410691
-0.423453
-0.052022
0.244216
0.182841
-0.385281
0.194257
0.213812
0.216628
0.211738
0.137542
-0.252082
-0.052572
-0.065492
-0.425193
-0.199026
0.078513
-0.032105
-0.253858
-0.340476
-0.367062
0.072257
-0.008692
-0.112541
-0.444585
0.245928
-0.281466
-0.169950
-0.207071
0.150234
-0.008897
-0.060073
0.136781
-0.250745
-0.108570
-0.308653
-0.030302
-0.012966
0.157745
0.054300
-0.095848
-0.055955
0.269878
0.168692
-0.416930
-0.160173
-0.022404
0.374734
0.070907
0.108480
-0.330947
-0.360421
-0.129430
0.178927
0.095726
0.127189
0.177472
0.289420
-0.255797
-0.182675
0.133871
-0.421468
-0.327879
0.207711
0.057034
0.041615
0.211196
-0.018996
-0.142810
0.214041
0.332812
0.293581
0.078808
-0.369463
0.081517
0.226109
0.048458
0.170194
-0.378627
-0.082067
-0.083945
-0.119547
0.041240
-0.288397
-0.161372
-0.147729
0.217032
-0.230470
-0.092266
-0.224892
0.203968
-0.396854
-0.094080
0.219536
-0.253822
-0.509813
0.187457
-0.264312
-0.139981
-0.222278
-0.305808
0.030515
-0.200325
0.183372
0.318421
-0.049461
-0.301126
0.163756
-0.341076
-0.389813
-0.298515
0.233697
0.234656
0.090505
-0.408354
-0.257796
-0.314019
0.220818
0.072297
-0.048339
-0.074208
0.175093
-0.441796
-0.446495
0.256968
-0.206519
-0.085655
0.249985
-0.280749
-0.306617
-0.377019
-0.020039
-0.411598
0.060490
-0.016442
-0.367351
-0.375683
0.190486
0.311283
-0.100245
-0.368759
-0.271320
-0.092604
0.350748
0.256171
-0.129840
-0.123884
-0.249407
0.053850
-0.411250
-0.287566
-0.298332
-0.351051
-0.366644
-0.167834
-0.286270
-0.174144
0.151104
-0.316389
0.088076
0.319660
-0.064452
0.073145
-0.447774
-0.158710
-0.223187
-0.255074
-0.063395
-0.383999
-0.207752
-0.381448
-0.073777
-0.131730
-0.011986
0.049095
0.081329
-0.384631
-0.240024
-0.235729
0.157603
0.007323
-0.226420
-0.410357
0.018635
-0.050927
0.152564
-0.330238
-0.351585
-0.068215
-0.205265
-0.360908
0.067318
0.304941
0.177514
0.219390
-0.207510
-0.280657
-0.069941
0.274993
-0.028940
0.201523
-0.343336
0.132873
-0.223475
0.016470
0.146596
-0.469386
-0.548460
-0.243633
-0.216354
-0.338877
0.055948
0.063432
-0.160415
0.168682
-0.260382
-0.149906
0.191811
-0.030701
0.301966
-0.093580
-0.003729
0.053850
-0.082383
-0.176698
-0.018316
0.029675
-0.049539
-0.377307
0.046619
0.198744
-0.272026
0.244567
-0.431193
-0.189752
-0.043157
0.241946
-0.031299
0.064429
-0.426705
0.215021
0.195519
-0.352882
-0.091867
-0.097190
0.182708
